5
100 3892 3597 3173 3029 3278
1000 49471 40085 39304 39891 39800
2000 85995 86857 87132 84435 89308
3000 186850 137206 135237 140003 138287
4000 190175 188507 191954 189491 191125
5000 318441 244644 236924 240872 241719
6000 291553 310220 300650 289517 298434
7000 353552 347651 342114 349927 352763
8000 406904 425549 401055 407687 404863
9000 460926 524065 454246 465228 612435
10000 533118 515575 518467 512663 518827
20000 1138122 1103826 1112762 1101137 1083611
30000 1707361 1711953 1741749 1692132 1709134
40000 2400488 2343239 2342970 2373499 2319400
50000 2979648 3023343 3067139 3095581 3052925