100 6138 5505 5776 5254 5634
1000 70419 71015 86848 73225 71796
2000 158805 152011 155107 149619 152328
3000 240974 212627 216158 197994 205783
4000 270481 273075 288976 310942 284669
5000 360312 350947 354855 358181 382371
6000 434565 426352 425676 413675 394924
7000 520569 509996 512705 514453 537537
8000 604630 621850 596419 620769 592907
9000 687635 685359 676482 682464 736751
10000 783862 766773 771972 778987 835153
20000 1637673 1591197 1616497 1587489 1661120
30000 2507917 2567546 2578768 2494522 2484652
40000 3409926 3528935 3443986 3362326 3359077
50000 4427303 4301619 4241829 4364598 4338899