5
100 5602 1241 6600 1285 6054
1000 10734 27729 9073 8544 9463
2000 20894 17411 17144 16924 16347
3000 31294 26462 27777 30294 33500
4000 36924 477667 22573 22415 22535
5000 28503 28779 34244 31408 29652
6000 36700 36307 41960 37874 41183
7000 49530 39415 45745 53872 44458
8000 49319 49065 50231 53551 54639
9000 68899 67873 70310 82481 75966
10000 62449 65404 74005 63906 72664
20000 161446 214299 161127 158580 180335
30000 260307 247102 265910 357651 663489
40000 363830 369846 412218 816069 364753
50000 497728 479312 513137 512585 937644