5
100 29662 27110 6031 6188 19170
1000 88415 86610 86306 87409 87293
2000 188838 189698 188223 189587 189230
3000 304003 305629 356850 304687 304719
4000 421485 420898 473950 421158 419597
5000 540263 539164 538839 539587 541532
6000 665223 665326 662437 659116 714476
7000 791973 788154 785455 785718 786666
8000 915988 917639 916196 911242 952227
9000 1044480 1039753 1042066 1042582 1229681
10000 1432207 1290284 1211165 1206170 1223345
20000 2587809 2537262 2540216 2585374 2596091
30000 4049856 3995483 4012319 4013293 4050340
40000 5519315 5524546 5639960 5520998 5536592
50000 7158262 7218199 7143378 7156396 7148155