5
100 39124 33626 34500 31398 32750
1000 1921115 1215504 818701 691526 592000
2000 1746940 1611583 1573225 1573321 1588104
3000 3689927 3466424 3504426 3573463 3491750
4000 6539588 6435949 6435941 6398907 6454605
5000 10487522 10482797 10779040 10672377 10441776
6000 16053451 15817009 15948288 15913951 15931260
7000 23069632 22657862 23369366 23474234 23287424
8000 33630585 32305207 32473494 33555410 38651008
9000 48954077 49310711 41959381 42245456 42412486
10000 54367793 53290857 52236090 53918106 53225870
20000 257373070 263596971 267096798 268793199 263800015
30000 642022396 654381511 655027972 664337469 673911581
40000 1200227729 1241191467 1240035734 1234753070 1203676953
50000 1945089976 2007166928 1934855950 1932212250 1907183787