5
100 7023 6363 6367 6021 6282
1000 15647 28551 12734 12919 13006
2000 30707 25278 25629 25376 25312
3000 42178 38564 99479 39054 38083
4000 54147 50771 50746 50527 50412
5000 66430 63650 64147 63773 63393
6000 82176 76475 77143 78494 76547
7000 94499 90827 89987 90856 90250
8000 107044 103942 104663 104333 103995
9000 121042 120282 131112 117244 116447
10000 133669 131473 131139 131512 130179
20000 304652 275676 271917 271025 271205
30000 456129 419873 418341 419850 417258
40000 616294 583252 605312 584298 584094
50000 783989 747749 750418 750332 751318
