5
100 1907.3486328125 476.837158203125 476.837158203125 238.4185791015625 238.4185791015625
1000 476.837158203125 476.837158203125 476.837158203125 476.837158203125 238.4185791015625
2000 476.837158203125 476.837158203125 715.2557373046875 715.2557373046875 476.837158203125
3000 476.837158203125 715.2557373046875 476.837158203125 476.837158203125 715.2557373046875
4000 715.2557373046875 715.2557373046875 715.2557373046875 476.837158203125 476.837158203125
5000 476.837158203125 953.67431640625 476.837158203125 476.837158203125 715.2557373046875
6000 715.2557373046875 476.837158203125 715.2557373046875 476.837158203125 715.2557373046875
7000 476.837158203125 953.67431640625 715.2557373046875 715.2557373046875 715.2557373046875
8000 715.2557373046875 953.67431640625 715.2557373046875 715.2557373046875 715.2557373046875
9000 715.2557373046875 715.2557373046875 476.837158203125 476.837158203125 953.67431640625
10000 715.2557373046875 1192.0928955078125 953.67431640625 1192.0928955078125 1430.511474609375
20000 715.2557373046875 1192.0928955078125 953.67431640625 1192.0928955078125 715.2557373046875
30000 1192.0928955078125 953.67431640625 2384.185791015625 2622.6043701171875 2622.6043701171875
40000 1668.9300537109375 2622.6043701171875 1430.511474609375 9298.324584960938 1192.0928955078125
50000 1192.0928955078125 1668.9300537109375 1430.511474609375 2145.7672119140625 2145.7672119140625
