5
100 25987.625122070312 36954.87976074219 36716.461181640625 21219.253540039062 20742.416381835938
1000 21457.672119140625 22172.927856445312 21457.672119140625 21934.50927734375 21219.253540039062
2000 21696.090698242188 22172.927856445312 21934.50927734375 21457.672119140625 21696.090698242188
3000 21696.090698242188 21696.090698242188 21696.090698242188 21696.090698242188 22172.927856445312
4000 21696.090698242188 22172.927856445312 21696.090698242188 22172.927856445312 21696.090698242188
5000 21696.090698242188 22172.927856445312 21696.090698242188 21696.090698242188 21696.090698242188
6000 22172.927856445312 22888.18359375 22172.927856445312 27894.973754882812 22411.346435546875
7000 22172.927856445312 22649.765014648438 22649.765014648438 21934.50927734375 22888.18359375
8000 22649.765014648438 22411.346435546875 23126.602172851562 22172.927856445312 22411.346435546875
9000 22888.18359375 23603.439331054688 22888.18359375 22411.346435546875 23841.85791015625
10000 22888.18359375 22888.18359375 22411.346435546875 22411.346435546875 22411.346435546875
20000 22888.18359375 22888.18359375 22649.765014648438 22888.18359375 22649.765014648438
30000 23365.020751953125 23126.602172851562 23841.85791015625 22888.18359375 26226.043701171875
40000 23365.020751953125 23126.602172851562 23603.439331054688 23365.020751953125 24795.5322265625
50000 23603.439331054688 23603.439331054688 23841.85791015625 25987.625122070312 26702.880859375
