5
100 2861.02294921875 1192.0928955078125 715.2557373046875 715.2557373046875 715.2557373046875
1000 1192.0928955078125 1430.511474609375 953.67431640625 1192.0928955078125 953.67431640625
2000 1430.511474609375 1192.0928955078125 953.67431640625 1430.511474609375 1430.511474609375
3000 1192.0928955078125 1192.0928955078125 1430.511474609375 1668.9300537109375 953.67431640625
4000 1430.511474609375 1907.3486328125 1192.0928955078125 1430.511474609375 1192.0928955078125
5000 953.67431640625 953.67431640625 715.2557373046875 715.2557373046875 715.2557373046875
6000 1192.0928955078125 715.2557373046875 1430.511474609375 1430.511474609375 715.2557373046875
7000 953.67431640625 1192.0928955078125 715.2557373046875 715.2557373046875 953.67431640625
8000 715.2557373046875 953.67431640625 1192.0928955078125 953.67431640625 953.67431640625
9000 953.67431640625 715.2557373046875 953.67431640625 715.2557373046875 1192.0928955078125
10000 1192.0928955078125 1430.511474609375 1192.0928955078125 1430.511474609375 953.67431640625
20000 1430.511474609375 1192.0928955078125 1430.511474609375 1192.0928955078125 953.67431640625
30000 1668.9300537109375 1192.0928955078125 1430.511474609375 1430.511474609375 2145.7672119140625
40000 1668.9300537109375 1668.9300537109375 2384.185791015625 2145.7672119140625 1668.9300537109375
50000 1907.3486328125 1668.9300537109375 1430.511474609375 1668.9300537109375 1668.9300537109375
