5
100 2145.7672119140625 953.67431640625 715.2557373046875 476.837158203125 476.837158203125
1000 476.837158203125 953.67431640625 715.2557373046875 953.67431640625 953.67431640625
2000 715.2557373046875 715.2557373046875 715.2557373046875 715.2557373046875 715.2557373046875
3000 715.2557373046875 2861.02294921875 1192.0928955078125 715.2557373046875 476.837158203125
4000 953.67431640625 1192.0928955078125 953.67431640625 953.67431640625 715.2557373046875
5000 715.2557373046875 715.2557373046875 715.2557373046875 715.2557373046875 715.2557373046875
6000 1192.0928955078125 1192.0928955078125 1192.0928955078125 1430.511474609375 953.67431640625
7000 1192.0928955078125 953.67431640625 1192.0928955078125 1192.0928955078125 953.67431640625
8000 1192.0928955078125 1192.0928955078125 2145.7672119140625 1430.511474609375 953.67431640625
9000 953.67431640625 953.67431640625 953.67431640625 953.67431640625 1192.0928955078125
10000 1192.0928955078125 953.67431640625 953.67431640625 1192.0928955078125 953.67431640625
20000 953.67431640625 1192.0928955078125 1192.0928955078125 1430.511474609375 1192.0928955078125
30000 3337.860107421875 2145.7672119140625 1430.511474609375 1192.0928955078125 1430.511474609375
40000 1668.9300537109375 1430.511474609375 1192.0928955078125 2861.02294921875 1668.9300537109375
50000 1430.511474609375 1907.3486328125 1668.9300537109375 1668.9300537109375 1668.9300537109375
