100 190496 371932 699996 1062870 1658678
1000 2295970 7857561 12730836 16148567 27251720
2000 5434274 14786005 27876615 39020061 50177574
3000 12376308 20039319 37951946 53588390 71312189
4000 13385772 30579328 49428462 89177846 120427131
5000 15861988 33976554 67156791 115442991 140660524
6000 20979166 54223299 80418586 109806776 190089464
7000 33305644 52040576 102046012 156206130 191623449
8000 30241727 59422016 111624002 162729740 251099824
9000 30636787 76504707 126314640 196958303 270021438
10000 34903526 73813676 138188838 247781515 280695199
20000 70154190 193014860 352496147 467416286 706413030
30000 103516817 293296813 514559030 726058244 2482122659
40000 368181467 878559112 1363271236 2419185161 3821402072
50000 412629365 947858333 1677636146 2858360290 4799423933