5
100 58846 55075 53876 54890 54075
1000 204070 184868 216874 185305 185693
2000 430059 408081 405942 407912 408246
3000 710181 645710 647582 646471 710708
4000 897788 898628 937241 894502 893159
5000 1152265 1499375 1155957 1150690 1237438
6000 1408499 1425346 1410289 1412012 1412572
7000 1675156 1681110 1835673 1683474 1778234
8000 2063074 2073631 2030406 1992561 1985227
9000 2316928 2275773 2321540 2312400 2380608
10000 2720281 2647096 2634289 2649125 2630083
20000 6867782 5660722 5551190 5588494 5598153
30000 8830895 8838318 8852918 9015442 8844246
40000 11996974 12016911 11958169 12009307 12080293
50000 15417681 15481279 15387603 15493625 15382247
