5
100 7927 6978 6494 7096 19829
1000 548400 594128 560851 533868 564219
2000 2121794 2157930 2134008 2132372 2187902
3000 4766029 5035442 4939450 4766598 4809168
4000 8927567 8549609 8867370 8943639 9071168
5000 13680130 13440376 13421456 13147755 13233583
6000 19081399 18823159 18660786 19039047 19489753
7000 25966680 25956842 26031931 26250604 26073464
8000 33591262 33132016 33056723 33347870 34760247
9000 42894419 43253819 43096032 42000382 42586082
10000 51343918 52092923 51112799 51674122 51835086
20000 209034512 211737612 212399518 213527743 212391546
30000 467566545 469257617 468916393 474314116 485162120
40000 885319377 873239688 929665584 848233491 842761501
50000 1323458606 1367211693 1357474229 1329354938 1326253607
