5
100 27284 26005 26890 32868 34681
1000 76252 73510 72408 106644 72411
2000 160863 158553 159799 161771 159928
3000 255276 253883 259812 254400 253764
4000 343755 348661 373350 350550 349865
5000 446134 471594 468727 447713 456727
6000 547408 539942 715697 546760 582574
7000 692386 634363 634522 633644 699626
8000 758306 745775 751084 745416 811097
9000 850457 888266 857625 893918 868076
10000 993992 972339 999010 989052 1013633
20000 2171869 2129732 2223633 2139279 2191949
30000 3345232 3439685 3514204 3375515 3401067
40000 4545587 4696850 4661501 4613902 4602799
50000 5946373 5796126 5887843 5883620 6160461
