100 9694 9765 9998 8935 10685
1000 123710 6756678 129449 136270 296392
2000 281097 4098604 316259 294878 301642
3000 431342 443750 451379 474851 450093
4000 594320 634818 622917 603595 623525
5000 750457 789770 792394 799618 820219
6000 959144 930031 971024 953103 997371
7000 1165061 1124994 1114090 1129443 1210623
8000 1327236 1333074 1322699 1322870 1267131
9000 1505771 1556722 1568928 1534860 1502499
10000 1690997 1614656 1686137 1956326 1772170
20000 3664162 3860639 3706521 3760795 3689668
30000 5609662 5646818 7284881 5769472 5719257
40000 7893556 8279962 7847500 7837780 7412154
50000 9664660 9626805 11401426 9892452 10254442